100
2
0 1
0 2
3
2 2
0 0
4 4
1
1 1
5
0 5
0 1
1 1
4 7
5 6
10
276 278
774 1224
240 732
1 52
774 1270
129 1005
371 1543
141 1021
781 1714
5 18
4
0 7
2 4
1 5
3 6
6
0 6
0 4
0 6
0 1
0 5
0 11
9
0 1
0 6
0 2
0 2
0 4
0 4
0 5
0 17
0 5
4
6 6
1 3
0 4
1 6
7
5 8
0 6
10 10
0 10
2 7
0 8
5 6
5
2 2
0 6
7 8
0 4
4 8
6
0 1
0 4
0 11
0 2
0 3
0 3
4
0 3
1 5
2 4
6 7
6
787 875
3 5
706 879
930 1004
168 559
889 1018
6
52 435
692 1096
965 1783
90 603
412 425
736 1465
5
513 1388
302 1476
99 1431
613 1450
174 427
2
0 2
0 1
6
4 10
0 8
6 11
2 3
7 10
1 4
7
0 5
0 13
4 7
5 5
5 10
10 12
0 4
9
10 11
2 15
2 8
1 6
15 17
6 6
2 11
0 10
0 14
2
0 1
0 3
7
0 12
1 8
1 3
2 11
2 8
1 10
1 9
7
0 2
0 13
0 5
0 7
0 5
0 3
0 1
6
0 3
0 2
0 6
0 1
0 5
0 11
5
49 160
1351 1725
5 9
575 1203
72 1826
5
5 7
0 1
0 3
8 8
4 5
10
4 5
2 8
16 17
8 12
2 11
0 5
7 15
15 15
10 12
0 13
1
169 823
5
0 9
0 4
0 4
0 1
0 4
5
0 9
0 1
0 5
0 5
0 3
10
11 13
15 18
0 1
1 19
6 7
11 15
9 15
4 7
4 13
3 4
2
437 777
562 1789
1
0 0
3
1 4
0 2
3 5
2
3 3
0 0
1
0 0
7
9 10
10 11
1 3
7 8
0 2
3 9
6 6
4
0 3
5 5
4 5
0 3
6
0 5
4 5
1 1
8 9
5 8
3 3
4
0 0
0 0
0 0
0 0
2
1 2
0 3
4
3 4
0 1
3 6
5 6
6
10 11
1577 1592
32 264
931 1194
266 533
103 197
8
15 15
2 4
11 12
2 3
0 4
1 1
0 13
6 10
9
11 17
13 16
3 15
0 3
2 5
11 11
6 11
3 5
0 0
6
0 11
0 3
0 1
0 5
0 3
0 6
4
6 6
5 5
0 3
1 2
9
1 1
4 15
9 14
0 9
2 15
10 15
5 7
1 8
12 12
9
382 917
1896 1900
1306 1468
526 851
408 640
374 381
43 298
450 561
119 166
6
0 3
0 2
6 6
1 7
9 10
6 7
9
3 12
13 16
1 8
6 13
4 8
8 16
8 8
4 6
0 1
2
0 1
2 3
5
0 4
0 0
1 6
8 8
5 5
4
3 3
1 4
2 4
0 2
2
1 3
0 2
7
2 5
7 10
0 0
7 7
2 12
0 11
9 12
10
1 13
1 1
7 10
15 18
0 1
6 10
7 19
11 13
5 17
6 11
7
1011 1094
258 733
432 580
410 1301
840 1320
1228 1814
11 68
8
0 9
0 6
8 10
3 6
10 13
13 15
4 9
1 3
9
774 1966
426 1175
339 993
214 239
1022 1866
468 1794
607 714
937 1602
185 468
8
5 6
1 14
0 10
3 7
11 13
2 12
4 8
9 15
6
0 1
0 4
0 5
0 5
0 11
0 3
1
0 1
9
1344 1858
166 1226
52 86
363 553
1558 1752
1405 1646
1501 1846
1509 1552
77 238
5
5 9
0 0
3 5
3 3
0 5
8
12 12
0 11
9 10
0 8
2 11
0 2
8 11
5 6
3
82 87
124 146
1025 1180
7
1 6
10 11
2 8
0 7
3 12
4 13
5 9
7
2 8
5 8
0 2
0 10
10 12
5 12
0 0
7
0 8
5 11
5 11
1 2
2 10
2 11
7 9
3
2 5
0 3
1 3
2
1 3
0 2
5
3 8
4 5
6 9
2 7
0 1
8
7 7
0 2
1 2
12 15
7 8
3 11
8 14
2 10
4
2 5
0 0
5 6
1 7
8
5 7
0 7
3 14
7 11
7 10
0 11
13 13
1 1
2
0 1
0 3
3
1 2
3 5
0 2
5
4 7
0 4
4 8
0 9
0 4
3
2 3
1 1
3 3
10
1 10
6 15
1 11
16 18
12 12
8 8
12 17
5 5
3 5
0 12
4
5 7
1 2
3 4
0 6
10
1 7
11 14
0 7
1 2
9 15
9 19
5 11
14 17
0 14
6 13
5
1391 1968
568 877
360 863
315 1839
423 526
4
2 5
0 7
2 4
2 5
2
1 3
0 2
5
4 6
2 4
0 8
0 5
1 3
4
0 5
3 4
3 3
0 5
10
2001 2001
2001 2001
2001 2001
2001 2001
2001 2001
2001 2001
2001 2001
2001 2001
2001 2001
2001 2001
4
1 2
0 5
6 7
3 4
2
0 3
0 3
1
0 1
2
0 1
0 3
2
3 3
0 1
3
0 5
0 0
2 5
9
0 10
7 10
12 15
5 10
7 10
1 3
16 16
6 7
2 2
6
0 1
2 3
7 11
7 9
4 6
4 6
2
0 0
2 4
6
1263 1975
34 73
976 1422
249 491
670 1213
176 958
6
2 3
3 11
8 9
0 4
0 9
3 8
