100
232.89104 1.46045 4.81139
162.00000 2.00000 324.00000
367.3 4.00000 931.01
494.17901 1.31655 1926.74135
497.83897 1.44216 1917.27450
162.57183 3.80824 990.67337
498.15324 1.25916 1923.93366
491.36961 1.41994 1945.58340
494.85611 1.45216 1920.50577
433.24354 3.16273 479.95218
492.79505 1.13756 1948.60382
247.57384 3.51644 1336.63373
22.0 4.0 473.0
498.82387 1.37111 1972.40097
496.92480 1.49886 1905.22747
497.40581 1.07179 1985.74765
494.54383 1.01794 1905.12525
490.62294 1.02687 1974.06771
286.06469 1.96016 1112.01653
351.727 1.997 1779.48
11.0 3.0 1985.0
39.05601 2.30550 1745.92375
1.18950 3.62873 3.58660
469.00000 3.00000 471.00000
493.49935 1.03825 1951.56648
362.08943 1.10211 544.25300
434.00000 4.00000 456.00000
7.0 3.0 686.0
490.50943 1.41723 1962.97739
1.03759 3.73085 1999.49272
359.00000 2.00000 718.00000
406.8942 2.0 2000.00000
496.71650 1.10304 1919.39143
365.07 3.0 1902.82
363.258 2.1 81.79
1.09028 3.84329 1999.08290
498.73592 1.49643 1947.03116
492.77341 1.04068 1926.66617
12.34594 2.19337 1118.52916
36.0 3.0 1350.0
122.3 1.053 1824.33
491.87672 1.44645 1904.56884
343.13 2.1989 152.24
492.72689 1.09782 1999.08692
166.0 1.0 1147.0
495.21246 1.09169 1946.05074
295.00000 4.00000 307.00000
490.52259 1.29987 1941.22283
63.0 4.0 1618.0
438.57 1.0 1907.51688
321.1128 3.998 1054.4017
41.4 3.3231 1.0000
101.58444 3.87580 389.69271
7.9312 3.7 1686.1525
498.73296 1.25515 1991.67276
495.35391 1.47317 1920.28885
490.44914 1.49989 1991.74895
498.57704 1.16222 1972.75958
1.05182 3.29335 1999.54070
144.0 1.0 1648.0
385.207 3.386 566.0
494.54571 1.44050 1938.36188
491.86569 1.31879 1969.60102
354.00000 2.00000 365.00000
491.19460 1.41339 1994.79102
183.0 2.0 1594.0
491.09099 1.20434 1987.81686
452.0 1.0 29.0
495.02899 1.18992 1998.12712
495.49758 3.40232 1955.83327
298.0 1.0 1600.0
409.83150 1.52182 666.16644
127.79791 2.98667 27.58016
312.0 2.99 199.430
493.41642 1.21505 1907.41328
110.0 3.0 231.0
234.06239 3.39524 1911.82934
313.00000 2.00000 626.00000
425.77094 3.43992 1357.57118
278.31539 2.16603 777.78595
266.01687 1.30610 1992.21019
496.73775 1.13757 1997.65322
163.404 1.0 1761.916
493.95376 1.01692 1959.11185
497.48617 1.07571 1951.24752
350.99 3.221 237.79427
69.759 2.00 92.9
1.00000 3.299 868.40612
349.36926 2.19933 1413.47060
284.0 3.0 242.0
343.19833 3.11251 329.28901
351.52496 1.01153 1093.89640
263.00000 2.00000 526.00000
500.0 2.75191 932.47
498.09860 1.45794 1955.77591
1.05899 3.16012 1999.70611
324.0 1.0 1181.0
400.13 1.0 1653.60716
495.54068 1.01827 1997.12473
259.48453 3.19986 1367.33682
