100
3 1 5 15 13 11
3 0 8 23 22 21
1 0 1 0
2 0 4 9 9
3 1 9 29 24 17
3 3 6 5 24 7
2 0 6 14 14
3 0 2 4 15 21
1 0 6 15
2 0 3 7 5
2 1 0 9 28
1 1 7 14
2 0 5 30 3
3 0 6 30 24 7
2 2 4 24 9
3 3 10 8 13 11
1 0 8 21
2 1 10 18 8
1 1 6 3
2 0 3 6 5
2 0 7 25 20
3 1 6 15 7 14
2 2 3 18 4
2 0 2 2 3
1 1 2 26
3 0 5 11 24 19
2 0 10 21 26
3 0 10 3 24 26
2 2 1 24 8
3 2 3 5 5 5
1 0 4 9
2 0 5 9 23
2 0 7 18 2
3 3 3 23 16 13
3 1 5 30 11 12
1 1 8 22
3 0 2 3 3 14
2 0 6 13 20
2 0 10 26 9
1 0 10 19
2 1 1 23 0
2 0 0 20 23
1 0 5 11
2 0 10 30 24
2 2 2 15 26
1 0 10 27
1 0 5 12
3 2 9 24 24 24
2 0 4 13 22
3 0 6 30 2 16
2 0 6 14 14
2 0 0 30 30
2 0 8 21 20
3 2 6 2 9 30
3 2 3 17 10 13
3 0 0 2 7 9
3 1 5 7 12 11
1 0 3 29
2 0 10 26 14
2 0 4 8 15
3 0 6 4 14 19
3 0 0 30 18 14
1 0 1 13
2 2 4 27 27
3 3 10 19 22 9
1 0 5 11
1 0 4 9
2 1 3 29 2
2 0 4 8 27
1 0 3 9
2 1 7 18 17
3 3 5 9 7 28
3 0 4 10 8 6
2 0 0 15 0
2 0 3 5 13
3 1 6 14 14 14
1 1 2 25
2 0 0 27 0
3 0 3 22 9 1
3 0 4 22 8 8
2 0 2 2 20
1 0 2 9
3 2 1 7 1 17
3 0 8 22 21 29
1 0 9 24
3 0 6 4 25 9
1 0 5 16
2 0 6 29 27
1 0 8 20
2 1 1 25 25
1 0 10 30
3 0 8 20 4 17
3 1 8 20 20 21
3 0 10 18 27 26
2 0 4 13 16
3 0 5 15 27 20
1 0 10 26
2 1 2 3 3
3 0 7 17 28 18
3 0 0 0 0 0
