50
2 38 38
178 41 43 50 47 41 49 42 47 50 50 42 49 43 46 50 43 50 45 48 46 47 46 46 47 44 47 42 42 41 47 46 42 42 44 42 100 49 45 45 48 41 50 48 49 47 47 47 48 42 48 44 48 44 43 49 43 44 49 41 41 41 44 48 41 45 44 41 50 49 49 50 49 47 42 45 46 48 50 44 47 46 45 42 44 43 45 50 41 46 48 42 48 42 46 47 42 49 48 42 44 49 43 48 45 42 45 43 48 42 45 44 49 46 46 46 49 50 42 45 47 46 45 47 43 48 42 43 48 50 46 46 46 42 46 48 43 50 48 47 41 49 46 45 50 47 44 50 49 49 45 48 50 47 41 50 46 46 45 47 49 47 50 42 45 45 50 46 49 43 45 46 45 43 48 44 49 42 44
118 61 48 42 46 45 51 70 58 75 76 45 73 64 70 53 70 67 54 71 75 40 66 49 78 77 74 62 72 76 72 60 74 42 77 63 42 45 78 68 60 72 48 67 67 56 56 51 46 49 45 46 41 60 70 39 73 47 73 55 52 44 75 78 46 59 71 54 47 75 59 43 63 60 60 57 44 63 50 59 67 71 71 50 67 43 67 66 61 72 51 54 47 67 74 77 61 45 61 60 44 61 73 55 77 47 64 51 41 69 55 69 41 78 45 56 67 41 62
186 0 0 0 0 0 0 0 0 0 0 0 0 0 0 0 0 0 0 0 0 0 0 0 0 0 0 0 0 0 0 0 0 0 0 0 0 0 0 0 0 0 0 0 0 0 0 0 0 0 0 0 0 0 0 0 0 0 0 0 0 0 0 0 0 0 83 0 0 0 0 0 0 0 0 0 0 0 0 0 0 0 0 0 0 0 0 0 0 0 0 0 0 0 0 0 0 0 0 0 0 0 0 0 0 0 0 0 0 0 0 0 0 0 0 0 0 0 0 0 0 0 0 0 0 0 0 0 0 0 0 0 0 0 0 0 0 0 0 0 0 0 0 0 0 0 0 0 0 0 0 0 0 0 0 0 0 0 0 0 0 0 0 0 0 0 0 0 0 0 0 0 0 0 0 0 0 0 0 0 0 0 0 0 0 0 0
131 82 10 57 62 85 57 25 97 98 70 53 87 69 12 91 17 39 95 83 98 84 47 38 81 82 28 34 86 70 89 15 80 19 86 58 22 88 79 27 52 91 7 11 52 21 55 92 46 2 29 52 0 52 60 3 61 65 17 74 82 48 82 32 91 25 5 32 48 84 69 37 82 67 46 56 71 96 26 86 53 93 87 2 100 5 25 44 57 57 45 57 56 96 62 78 5 11 4 50 28 54 92 73 70 65 13 55 83 41 12 51 85 74 10 13 36 12 28 85 22 75 41 95 35 1 48 62 63 28 33 12
200 6 88 47 32 29 57 64 14 70 4 9 59 39 56 61 12 26 87 88 10 40 65 22 5 65 50 24 29 74 7 75 89 99 15 33 62 89 61 97 55 12 39 70 47 85 26 35 16 19 48 14 5 6 96 67 79 61 24 52 72 17 51 56 75 53 11 3 17 5 69 38 56 11 18 34 58 57 67 48 94 18 70 6 25 42 85 56 7 35 30 11 91 84 47 85 85 56 6 19 77 46 53 52 41 35 73 26 60 68 43 30 31 58 52 51 23 3 39 19 4 4 49 67 29 58 71 50 25 31 76 93 39 23 23 1 98 35 12 100 73 68 7 47 85 38 82 25 83 85 86 93 29 59 2 13 48 2 97 34 42 69 31 8 35 10 51 31 77 16 77 60 98 24 41 66 7 40 54 44 87 98 85 72 21 29 19 1 3 28 47 9 22 7 62 96 69 46 48 86 79
175 0 0 1 1 1 1 89 0 1 0 0 90 90 90 89 89 1 0 90 90 1 0 0 90 89 0 89 1 89 1 0 0 90 89 89 0 1 0 1 89 1 0 89 1 0 90 90 89 89 89 89 90 90 1 1 90 0 1 1 90 0 90 0 1 89 0 90 1 1 90 0 1 90 90 90 0 1 90 0 1 89 1 89 0 1 0 0 1 0 1 90 90 89 90 90 0 90 90 0 90 0 90 1 90 1 0 90 0 0 0 89 90 90 1 1 90 89 89 90 89 89 89 1 0 0 90 90 0 89 89 1 0 90 89 89 0 0 1 90 90 90 0 90 90 0 89 89 89 0 0 90 0 1 1 90 1 90 0 90 89 1 89 0 89 0 0 1 1 89 90 90 89 89 89 89
139 0 94 0 0 0 0 0 0 0 0 0 0 0 0 0 0 0 0 0 0 0 0 0 0 0 0 0 0 0 0 0 0 0 0 0 0 0 0 0 0 0 0 0 0 0 0 0 0 0 0 0 0 0 0 0 0 0 0 0 0 0 0 0 0 0 0 0 0 0 0 0 0 0 0 0 0 0 0 0 0 0 0 0 0 0 0 0 0 0 0 0 0 0 0 0 0 0 0 0 0 0 0 0 0 0 0 0 0 0 0 0 0 0 0 0 0 0 0 0 0 0 0 0 0 0 0 0 0 0 0 0 0 0 0 0 0 0 0 0
165 79 79 1 79 80 0 1 0 1 79 0 79 79 80 0 0 79 79 79 79 0 1 79 79 80 80 79 0 1 1 1 0 0 80 79 80 79 1 0 80 80 79 80 80 1 0 1 1 0 0 1 0 1 0 0 1 1 79 1 80 80 79 1 79 0 79 80 0 1 80 0 0 0 1 80 0 79 79 0 0 0 0 1 79 0 0 80 1 79 79 79 0 79 1 1 80 80 0 79 80 79 0 79 80 80 80 0 0 0 79 0 1 79 80 0 1 1 1 80 79 79 79 0 0 1 80 79 0 1 0 1 1 80 0 1 80 79 79 80 0 79 80 1 80 80 0 80 79 1 1 79 0 80 79 1 0 80 79 80 80 79 0 1 79 79
146 0 0 0 0 0 0 0 0 0 0 0 0 0 0 0 0 0 0 0 0 0 0 0 0 0 0 0 0 0 0 0 0 0 0 0 0 0 0 0 0 0 0 0 0 0 0 0 0 0 0 0 0 0 0 0 0 0 0 0 0 0 0 0 0 0 0 0 0 0 0 0 0 0 0 0 0 0 0 0 0 0 0 0 0 0 0 0 0 0 0 0 0 0 0 0 0 0 0 0 0 0 0 0 0 0 0 0 0 0 0 0 0 100 0 0 0 0 0 0 0 0 0 0 0 0 0 0 0 0 0 0 0 0 0 0 0 0 0 0 0 0 0 0 0 0 0
12 67 1 32 13 48 38 9 84 48 76 94 97
144 50 50 50 50 50 50 50 50 50 50 50 50 50 50 50 50 50 50 50 50 50 50 50 50 50 50 50 50 50 50 50 50 50 50 50 50 50 50 50 50 50 50 50 50 50 50 50 50 50 50 50 50 50 50 50 50 50 50 50 50 50 50 50 50 50 50 50 50 50 50 100 50 50 50 50 50 50 50 50 50 50 50 50 50 50 50 50 50 50 50 50 50 50 50 50 50 50 50 50 50 50 50 50 50 50 50 50 50 50 50 50 50 50 50 50 50 50 50 50 50 50 50 50 50 50 50 50 50 50 50 50 50 50 50 50 50 50 50 50 50 50 50 50 50
138 0 0 0 0 0 0 0 0 0 0 0 0 0 0 0 0 0 0 0 0 0 0 0 0 0 0 0 0 0 0 0 0 0 0 0 0 0 0 0 0 0 0 0 0 0 61 0 0 0 0 0 0 0 0 0 0 0 0 0 0 0 0 0 0 0 0 0 0 0 0 0 0 0 0 0 0 0 0 0 0 0 0 0 0 0 0 0 0 0 0 0 0 0 0 0 0 0 0 0 0 0 0 0 0 0 0 0 0 0 0 0 0 0 0 0 0 0 0 0 0 0 0 0 0 0 0 0 0 0 0 0 0 0 0 0 0 0 0
187 48 50 50 48 48 48 50 50 48 50 47 47 49 47 50 49 47 50 50 49 48 48 49 47 47 50 49 50 48 48 48 48 50 47 50 50 48 49 47 49 50 49 48 49 48 48 50 48 47 49 48 49 50 50 47 48 49 49 49 47 48 50 49 47 48 50 48 49 50 49 50 50 47 50 47 47 49 49 50 48 50 49 47 48 47 48 50 47 48 47 47 48 48 48 50 48 49 49 47 49 50 48 47 49 47 49 47 49 48 47 49 47 50 50 50 100 47 50 48 49 47 50 50 47 48 48 49 49 48 47 49 48 50 47 47 49 47 48 50 47 49 50 50 49 47 49 50 48 50 49 47 50 47 47 50 47 50 49 49 47 48 47 48 49 49 49 47 49 48 48 49 48 47 49 50 48 47 50 49 49 50 48 47 48 48 47 47
125 1 1 1 0 59 59 59 58 59 59 0 59 0 0 59 59 0 1 58 1 59 1 1 0 59 59 59 0 0 58 1 1 58 59 0 1 58 1 0 0 1 0 59 0 0 1 1 58 59 1 0 59 58 1 0 58 0 59 1 0 59 58 59 1 58 59 0 58 58 0 1 59 0 59 59 58 59 0 0 1 59 0 59 0 58 58 58 59 59 59 59 58 59 1 1 59 59 1 0 59 58 59 58 1 0 0 59 59 0 59 0 1 0 59 59 0 59 1 1 1 58 59 1 0 1
200 100 100 100 100 100 100 100 100 100 100 100 100 100 100 100 100 100 100 100 100 100 100 100 100 100 100 100 100 100 100 100 100 100 100 100 100 100 100 100 100 100 100 100 100 100 100 100 100 100 100 100 100 100 100 100 100 100 100 100 100 100 100 100 100 100 100 100 100 100 100 100 100 100 100 100 100 100 100 100 100 100 100 100 100 100 100 100 100 100 100 100 100 100 100 100 100 100 100 100 100 100 100 100 100 100 100 100 100 100 100 100 100 100 100 100 100 100 100 100 100 100 100 100 100 100 100 100 100 100 100 100 100 100 100 100 100 100 100 100 100 100 100 100 100 100 100 100 100 100 100 100 100 100 100 100 100 100 100 100 100 100 100 100 100 100 100 100 100 100 100 100 100 100 100 100 100 100 100 100 100 100 100 100 100 100 100 100 100 100 100 100 100 100 100 100 100 100 100 100 100
197 46 48 45 49 44 43 42 45 41 49 46 44 49 46 44 43 42 42 46 50 42 49 45 46 47 44 44 49 47 41 45 42 46 46 44 47 48 44 41 47 100 46 41 46 44 45 47 44 50 49 43 46 50 50 49 48 49 43 41 44 47 46 42 47 44 45 46 45 43 46 42 44 47 46 48 49 50 48 45 45 50 44 41 45 49 48 44 47 44 48 43 49 48 45 50 49 47 50 43 44 44 42 48 45 49 43 42 45 43 46 42 50 47 41 47 45 50 43 47 41 50 49 44 41 45 50 50 49 43 45 42 47 48 42 43 49 41 49 49 44 41 43 50 48 44 41 44 45 42 47 41 45 47 44 49 43 50 49 43 44 48 45 45 45 48 43 41 44 45 46 49 45 44 48 47 47 45 50 49 49 41 46 45 42 45 48 48 47 42 43 44 48 46 44 43 42 49
173 97 96 0 0 1 97 97 97 97 97 96 0 97 96 0 1 1 1 96 96 97 0 1 0 97 1 1 0 97 0 96 97 0 0 96 0 97 1 97 0 96 1 97 0 97 97 1 0 97 97 0 97 1 1 96 1 1 1 1 97 96 97 97 0 0 0 96 0 96 96 0 1 0 96 1 0 97 96 96 96 96 96 97 97 96 0 97 1 96 1 96 0 1 1 96 1 0 97 97 1 0 97 96 97 0 97 1 97 0 0 0 0 1 96 97 97 96 96 97 1 96 96 96 1 96 1 0 0 0 1 1 0 97 96 0 0 1 97 97 0 97 0 0 97 96 0 1 1 97 96 0 96 97 1 1 96 0 96 97 0 97 97 97 0 1 97 1 97 0 97 0 0 0
112 0 0 0 0 0 0 0 0 0 0 0 0 0 0 0 0 0 0 0 0 0 0 0 0 0 0 0 0 0 0 0 0 0 0 0 0 0 0 0 0 0 0 0 0 0 0 0 0 0 0 0 0 0 0 0 0 0 0 0 0 0 0 0 0 0 0 0 0 0 0 0 0 0 0 0 0 0 0 0 0 0 0 0 0 0 0 0 0 0 0 66 0 0 0 0 0 0 0 0 0 0 0 0 0 0 0 0 0 0 0 0 0
109 42 40 38 45 48 42 50 42 49 48 47 50 42 40 39 41 46 42 50 43 46 42 50 40 44 38 50 44 47 45 49 48 38 45 49 44 38 43 39 44 39 46 40 43 49 39 50 44 45 100 42 49 42 41 45 41 38 46 48 43 47 45 46 46 42 44 40 44 44 44 47 42 45 48 43 39 47 47 45 49 43 41 45 45 48 44 45 40 40 44 39 43 42 40 38 39 46 40 41 38 46 47 48 40 38 47 47 45 38
2 15 95
156 58 33 80 63 74 57 35 46 39 4 89 14 14 9 100 67 66 8 12 90 17 84 92 7 3 16 84 32 48 41 22 37 71 67 67 3 41 76 7 19 65 63 71 98 28 48 1 29 99 79 10 73 61 50 59 75 50 27 49 3 2 55 89 3 3 26 100 50 8 15 92 44 53 64 93 37 11 27 77 51 78 64 18 69 66 25 25 67 13 15 70 33 4 15 20 34 67 54 62 79 0 9 68 78 47 25 55 8 42 57 67 17 13 20 55 99 4 70 78 74 66 66 21 52 78 14 37 38 72 23 91 58 94 28 79 80 45 73 98 18 75 13 69 61 55 23 60 64 28 49 38 55 84 31 23 100
104 90 11 96 14 16 79 11 43 5 84 6 13 90 52 38 13 11 76 41 56 82 31 68 2 86 44 85 52 94 10 92 35 2 62 68 54 20 60 65 27 42 22 95 72 82 95 72 30 82 97 59 100 47 14 7 19 67 57 95 80 47 18 73 75 99 62 30 61 97 57 33 49 60 33 63 10 2 55 91 96 39 4 80 83 12 12 4 87 37 44 22 81 32 94 1 75 24 84 83 62 6 70 27 77
173 1 1 0 56 56 56 0 56 0 0 56 56 1 57 56 56 1 1 1 1 56 56 57 0 56 0 56 56 56 0 1 56 56 0 0 1 56 0 57 57 57 1 57 0 57 1 56 0 56 0 56 57 1 1 57 57 56 0 1 0 57 57 0 56 1 56 1 0 1 0 57 1 57 0 56 57 0 1 57 0 0 56 1 0 57 0 57 57 0 0 1 57 1 1 56 56 56 56 1 1 56 57 1 57 56 0 0 1 57 0 0 1 1 57 0 56 57 1 57 0 0 0 56 56 57 56 56 56 0 56 0 0 1 1 56 0 57 57 1 56 0 1 57 56 57 56 1 1 0 57 57 56 57 1 57 57 0 0 0 56 56 1 1 1 56 1 56 1 57 57 56 0 1
2 64 0
125 47 47 49 37 43 50 39 48 47 49 45 43 49 40 49 41 41 47 45 45 44 38 49 37 47 48 50 50 39 38 38 40 37 44 49 48 37 39 47 44 39 41 47 43 42 38 44 47 45 48 48 45 49 50 40 50 50 43 42 37 44 44 49 46 44 43 47 47 41 40 45 39 39 40 45 38 37 39 46 43 47 100 44 45 42 45 39 38 45 49 42 47 46 43 47 37 49 46 41 46 41 39 41 40 42 50 49 43 46 40 38 40 42 42 47 46 41 39 50 39 50 45 43 44 39
187 37 35 46 38 40 43 48 39 48 40 42 44 46 43 50 47 40 38 48 43 44 40 41 34 40 47 38 47 46 41 46 35 47 45 43 42 50 49 41 47 34 45 38 39 41 36 39 49 48 41 34 38 38 35 47 50 42 45 49 47 49 45 43 50 47 35 43 49 36 41 49 36 50 46 42 45 44 45 39 38 39 48 42 42 47 37 43 37 45 45 49 45 42 34 47 50 40 50 48 45 38 37 50 39 40 37 48 37 45 46 45 35 47 39 38 49 37 37 47 43 39 46 48 35 38 35 44 40 43 50 38 43 42 44 46 50 37 46 46 34 43 37 40 49 44 40 36 49 43 39 50 43 46 48 50 42 45 42 49 39 42 100 41 49 35 45 40 38 34 42 42 47 42 34 47 36 50 39 48 47 37 38 41 48 39 48 41
129 0 81 81 81 1 80 80 81 0 1 81 81 1 1 81 1 0 1 0 81 1 81 0 81 0 81 1 80 1 80 1 1 80 81 80 1 0 0 1 81 80 80 1 80 81 0 80 81 80 0 1 1 81 1 0 0 81 1 81 1 0 81 1 80 0 81 81 0 1 81 81 80 80 80 1 0 80 1 0 1 0 81 0 0 81 80 0 81 1 81 1 80 81 80 1 81 81 81 1 81 80 0 0 81 0 80 80 0 80 1 1 1 80 1 80 80 81 1 0 1 80 81 0 1 1 1 0 80 81
144 0 0 0 0 0 0 0 0 0 0 0 0 0 0 0 0 0 0 0 0 0 0 0 0 0 0 0 0 0 0 0 0 0 0 0 0 0 0 0 0 0 0 0 0 0 0 0 0 0 0 0 0 0 0 0 0 0 0 53 0 0 0 0 0 0 0 0 0 0 0 0 0 0 0 0 0 0 0 0 0 0 0 0 0 0 0 0 0 0 0 0 0 0 0 0 0 0 0 0 0 0 0 0 0 0 0 0 0 0 0 0 0 0 0 0 0 0 0 0 0 0 0 0 0 0 0 0 0 0 0 0 0 0 0 0 0 0 0 0 0 0 0 0 0
132 60 77 64 98 93 59 58 51 52 49 78 75 92 56 95 62 73 96 57 95 96 66 55 60 94 54 74 85 52 59 72 54 81 93 51 59 53 50 87 70 56 58 91 71 66 92 92 73 64 83 56 82 64 89 63 88 86 65 81 49 79 65 86 93 53 95 62 95 91 81 92 73 92 65 98 50 49 82 52 72 90 84 76 64 62 90 89 64 51 55 67 63 79 98 94 53 67 55 49 50 83 64 56 78 60 78 76 59 94 74 95 54 72 62 63 56 74 81 86 76 91 56 56 51 55 77 88 81 75 88 71 58
143 41 63 39 41 66 55 53 58 66 42 57 51 34 34 50 34 68 68 64 68 41 36 62 46 66 60 59 59 41 51 56 59 39 45 37 50 55 59 63 42 54 62 60 52 43 43 65 46 55 37 60 44 48 64 63 35 48 63 56 47 63 59 42 45 52 48 41 67 51 65 44 55 51 51 66 39 61 59 64 52 36 37 39 52 50 45 53 48 59 50 66 34 50 39 55 62 38 57 38 66 68 64 48 50 38 45 68 48 59 64 43 46 66 35 48 40 59 64 68 40 59 49 60 42 35 38 60 60 66 67 63 67 54 48 53 65 47 53 56 47 53 53 57
151 46 50 45 48 47 40 48 39 34 45 34 47 39 42 40 35 46 49 36 46 40 38 37 43 38 44 45 45 37 48 47 35 38 49 35 34 38 35 37 37 36 50 49 100 36 34 47 35 36 49 39 37 47 47 36 43 49 35 46 50 50 34 41 40 44 43 34 41 43 45 35 48 36 39 49 43 43 38 43 47 47 43 50 34 48 41 41 41 49 35 50 36 50 48 41 40 39 45 40 41 36 36 47 46 37 47 48 43 43 43 49 40 37 39 43 48 34 43 47 50 40 48 47 50 40 40 38 45 49 38 47 41 34 47 42 41 48 49 39 44 37 36 36 50 44 43 36 44 41 39 45
104 0 0 0 0 0 0 0 0 0 0 0 0 0 0 0 0 0 0 0 0 0 0 0 0 0 0 0 0 0 0 0 0 0 0 0 0 0 0 0 0 0 0 0 0 0 0 0 0 0 0 0 0 0 0 0 0 0 0 0 0 88 0 0 0 0 0 0 0 0 0 0 0 0 0 0 0 0 0 0 0 0 0 0 0 0 0 0 0 0 0 0 0 0 0 0 0 0 0 0 0 0 0 0 0
68 78 75 96 19 43 19 22 17 50 27 60 85 38 41 36 50 4 95 62 67 59 33 34 52 77 100 23 31 1 28 1 18 78 18 39 50 18 24 85 5 72 37 95 33 33 88 32 1 51 91 26 18 13 8 0 75 32 66 74 17 47 63 77 44 63 100 11 61
149 45 43 45 50 50 48 44 47 48 46 47 46 44 47 49 46 47 49 49 45 47 44 43 47 48 50 45 44 47 50 50 48 45 48 44 45 45 48 50 45 47 43 45 43 43 49 43 50 50 50 48 48 44 47 50 48 50 50 44 47 49 43 47 47 50 47 45 49 44 49 43 48 46 50 45 48 47 48 45 48 47 50 50 45 46 50 50 48 45 43 43 44 50 49 43 48 47 47 44 49 43 43 49 43 43 44 47 43 48 45 44 43 48 50 47 50 44 43 44 49 43 43 47 44 47 43 44 47 50 50 48 48 50 48 49 44 47 46 47 45 46 47 43 50 47 100 49 43 45
2 1 2
188 50 57 38 46 48 70 44 75 56 50 54 61 71 60 45 61 46 46 75 75 46 55 40 56 55 69 55 52 51 64 73 38 70 51 72 71 55 48 53 42 74 71 42 58 39 69 48 65 50 57 67 57 59 60 75 54 66 53 41 56 67 56 74 73 56 53 54 68 52 55 58 56 47 57 74 71 76 40 60 70 38 40 59 39 62 63 55 48 44 40 70 65 43 46 52 47 39 64 54 73 51 49 61 68 44 59 47 52 76 66 63 46 52 59 44 65 49 62 43 55 56 43 38 72 76 43 57 49 41 69 65 58 57 39 62 40 43 54 61 46 60 40 45 66 59 57 53 44 57 70 40 65 74 66 53 38 66 39 76 68 58 45 74 65 63 71 45 59 60 70 64 62 64 58 54 76 51 43 69 64 39 75 53 71 55 57 63 68
136 0 0 0 0 0 0 0 0 0 0 0 0 0 0 0 0 0 0 0 0 0 0 0 0 0 0 0 0 0 0 0 0 0 0 0 0 0 0 0 0 0 0 0 0 0 0 0 0 0 0 0 0 0 0 0 0 0 0 0 0 0 0 0 0 0 0 0 0 0 0 0 0 0 0 0 0 0 0 0 0 0 0 0 0 0 0 0 0 0 0 0 0 0 0 0 0 0 0 0 0 0 0 0 0 0 0 0 0 0 0 0 0 0 0 0 0 0 69 0 0 0 0 0 0 0 0 0 0 0 0 0 0 0 0 0 0
2 34 36
2 89 60
177 82 73 75 77 61 50 77 77 72 52 60 86 72 60 66 87 60 64 77 77 51 52 58 67 62 81 48 65 88 71 71 80 77 54 51 87 76 51 67 80 61 85 80 88 53 61 74 73 60 60 88 59 87 64 53 56 72 58 81 80 80 64 53 53 62 59 57 50 75 85 55 64 55 72 84 53 53 75 83 82 44 47 63 61 71 62 88 80 68 84 71 77 82 61 72 69 78 48 55 46 66 60 45 57 69 82 73 51 77 68 64 45 53 87 53 75 51 77 46 60 62 76 63 69 44 51 80 87 73 80 87 88 78 61 50 64 71 55 44 62 59 52 79 57 79 51 65 78 54 76 72 77 74 74 48 70 64 57 78 60 59 83 82 69 60 76 60 57 88 58 54 61 74 71 63 60 71
198 76 76 76 76 76 76 76 76 76 76 76 76 76 76 76 76 76 76 76 76 76 76 76 76 76 76 76 76 76 76 76 76 76 76 76 76 76 76 76 76 76 76 76 76 76 76 76 76 76 76 76 76 76 76 76 76 76 76 76 76 76 76 76 76 76 76 76 76 76 76 76 76 76 76 76 76 76 76 76 76 76 76 76 76 76 76 76 76 76 76 76 76 76 76 76 76 76 76 76 76 76 76 76 76 76 76 76 76 76 76 76 76 76 76 76 76 76 76 76 76 76 76 76 76 76 76 76 76 76 76 76 76 76 76 76 76 76 76 76 76 76 76 76 76 76 76 76 76 76 76 76 76 76 76 76 76 76 76 76 76 76 76 76 76 76 76 76 76 76 76 76 76 76 76 76 76 76 76 76 76 76 76 76 76 76 76 76 76 76 76 76 76 76 76 76 76 76 76
119 47 48 47 50 50 48 48 48 50 45 50 46 45 48 100 49 50 48 47 45 48 48 50 48 47 49 47 48 47 48 48 47 46 46 46 48 45 45 46 46 46 48 50 46 49 46 48 49 49 47 48 50 47 46 50 49 46 48 48 45 47 46 50 45 48 49 46 49 46 48 50 47 47 47 47 50 46 45 49 50 47 49 47 45 50 46 47 45 48 48 45 49 45 48 48 49 48 49 46 50 49 49 46 46 46 46 50 50 49 49 45 50 49 47 47 45 50 46 48
112 48 45 46 50 45 47 50 45 46 47 46 42 43 42 42 46 47 50 50 49 49 48 43 46 49 46 42 49 42 47 100 44 42 45 44 45 46 48 44 49 50 48 44 44 47 50 44 42 49 44 49 49 42 48 44 44 44 44 46 48 49 42 43 42 49 44 43 42 47 45 48 45 50 48 42 46 50 50 44 43 48 48 46 49 44 45 45 48 44 46 50 45 46 49 50 47 46 45 50 42 44 45 42 48 48 45 43 43 46 42 47 49
155 47 77 93 58 49 60 84 79 89 50 81 60 51 89 48 64 56 59 64 75 54 94 91 86 62 71 85 80 48 83 61 86 86 61 49 71 77 48 47 55 78 92 77 94 55 90 85 68 60 60 56 86 83 62 81 54 72 64 60 87 86 55 89 83 52 91 72 54 68 62 92 65 75 57 87 59 47 51 66 48 88 94 92 56 91 81 55 91 78 72 75 79 73 72 53 67 94 72 60 65 84 50 68 91 82 78 54 85 80 51 64 86 51 72 53 91 89 93 53 87 55 88 79 90 60 62 88 47 80 59 50 88 48 76 57 71 68 55 53 57 80 54 73 48 82 57 62 47 87 80 67 57 50 70 76
132 58 79 58 65 49 73 59 67 81 61 77 80 80 76 73 43 80 50 82 54 54 68 81 78 72 77 61 42 70 73 61 72 48 54 53 55 74 60 61 84 45 69 49 78 62 71 45 62 66 57 70 58 42 81 50 75 60 50 84 47 65 80 58 73 46 80 60 80 66 44 57 51 72 50 69 57 77 82 62 78 82 46 81 56 84 46 65 54 58 46 84 55 69 49 53 78 55 54 76 74 75 84 70 45 44 81 71 70 46 47 53 58 64 53 77 60 49 80 59 72 75 50 67 73 42 49 80 61 73 58 59 58
196 29 81 9 3 4 33 0 68 31 72 62 51 51 48 34 62 23 94 69 54 49 79 55 68 61 9 78 99 50 37 12 95 22 86 30 80 68 36 61 29 15 21 84 100 54 0 2 59 59 86 30 0 32 61 78 63 92 27 83 100 92 48 45 79 50 11 99 54 61 83 91 82 93 54 87 31 27 11 84 42 95 80 38 47 57 45 86 3 30 50 76 29 23 43 62 95 10 99 33 52 80 91 88 90 81 33 24 1 39 18 14 17 45 23 68 100 27 27 9 60 80 45 6 97 83 46 0 21 45 92 99 47 9 29 86 89 48 34 4 19 12 55 68 21 80 83 95 23 21 8 42 86 25 39 40 94 45 97 95 62 94 88 31 68 44 38 3 61 65 55 16 33 27 36 10 53 12 98 15 16 53 0 47 46 14 25 57 60 93 49 66 55 51 48 34 49
185 65 95 81 77 56 97 65 53 93 87 76 90 79 66 77 64 89 57 93 53 92 54 70 73 86 91 89 53 49 62 91 93 94 64 56 68 76 83 80 71 53 69 79 56 68 78 94 61 88 89 88 60 63 61 77 83 83 59 88 54 84 87 57 72 74 60 61 70 92 67 85 66 55 68 51 52 53 68 66 50 84 93 89 89 97 87 67 56 59 57 83 80 62 69 93 86 54 92 82 65 61 66 55 87 71 91 94 80 81 81 83 92 77 53 94 59 53 92 64 58 65 62 86 75 68 62 83 68 72 50 55 98 80 86 96 85 84 90 91 49 90 66 63 53 58 92 95 54 64 60 60 74 51 68 68 91 76 65 98 81 76 67 68 60 59 53 69 97 94 68 90 79 98 69 85 84 90 65 59 52 75 90 98 77 76
2 78 61
120 48 50 50 45 46 49 50 46 45 50 45 44 47 46 47 44 45 47 46 44 48 47 45 46 44 44 46 48 47 45 45 50 45 50 50 46 45 50 47 49 49 47 47 45 45 50 48 45 49 48 49 49 46 49 47 44 50 50 45 44 44 47 45 45 100 47 47 49 46 45 45 50 46 47 50 46 45 50 46 45 50 44 44 45 46 47 50 47 47 46 50 50 48 50 50 44 47 50 46 48 45 44 49 44 50 45 47 44 50 47 44 47 45 50 50 44 49 48 47 47
