Case #1: 33.333333 66.666667 
Case #2: 0.000000 100.000000 
Case #3: 25.000000 25.000000 25.000000 25.000000 
Case #4: 34.666667 26.666667 38.666667 
Case #5: 10.764611 10.972511 10.556711 11.596212 12.427812 10.556711 9.933010 0.000000 10.972511 12.219912 
Case #6: 16.666667 0.000000 43.872549 39.460784 
Case #7: 20.101266 20.101266 0.000000 19.848101 0.000000 0.000000 19.848101 20.101266 0.000000 
Case #8: 61.688312 38.311688 
Case #9: 13.916256 13.916256 0.369458 13.177340 13.423645 15.640394 13.669951 15.886700 
Case #10: 0.000000 0.000000 25.324675 24.675325 0.000000 24.675325 25.324675 
Case #11: 12.000000 10.857143 7.047619 11.619048 7.428571 8.000000 7.809524 11.047619 13.523810 10.666667 
Case #12: 20.000000 20.000000 20.000000 20.000000 20.000000 
Case #13: 10.000000 10.000000 10.000000 10.000000 10.000000 10.000000 10.000000 10.000000 10.000000 10.000000 
Case #14: 0.000000 100.000000 
Case #15: 50.000000 50.000000 
Case #16: 49.253731 50.746269 
Case #17: 33.333333 66.666667 
Case #18: 25.000000 25.000000 0.000000 25.000000 25.000000 
Case #19: 20.000000 24.166667 25.833333 14.166667 15.833333 
Case #20: 0.000000 13.622804 18.263175 5.270136 16.175008 0.000000 21.279417 13.622804 11.766656 
