50
24
2 8 9
0
0
0
0
0
2 5 11
0
2 14 24
2 3 17
2 4 16
2 18 22
2 21 1
0
2 23 13
2 6 12
2 19 7
0
0
0
0
2 20 15
0
1 2
24
0
2 9 19
2 4 23
0
2 6 12
0
2 18 5
0
0
0
0
2 1 2
1 22
1 13
2 24 7
2 10 17
2 8 21
0
2 14 13
0
2 20 15
0
2 11 16
0
24
2 18 12
1 13
1 19
1 22
2 11 23
1 19
2 6 3
0
0
2 2 14
1 8
1 9
0
1 13
1 22
1 24
2 16 20
1 9
0
1 24
2 4 15
0
1 8
0
25
1 20
1 20
1 20
1 20
1 20
1 20
1 20
1 20
1 20
1 20
1 20
1 20
1 20
1 20
1 20
1 20
1 20
1 20
1 20
0
1 20
1 20
1 20
1 20
1 20
25
1 18
1 1
1 15
1 25
1 17
1 10
1 12
1 5
1 4
0
1 19
1 8
1 22
1 20
1 11
1 9
1 23
1 14
1 21
1 6
1 2
1 24
1 16
1 3
1 13
25
1 15
1 5
1 13
1 19
1 21
1 8
1 22
1 9
1 11
1 4
1 7
1 1
0
1 18
1 3
2 14 13
1 20
1 6
1 12
1 10
1 25
1 23
1 24
1 2
1 17
25
0
0
0
1 25
2 22 19
0
2 2 16
2 11 7
1 6
0
1 17
1 10
0
2 9 15
2 18 13
0
0
0
1 3
2 5 14
2 12 4
1 1
2 24 20
2 21 8
0
25
2 9 21
1 6
1 6
2 19 20
1 22
0
1 6
1 6
1 3
1 6
2 24 5
1 2
1 6
1 10
1 6
1 13
1 6
2 8 7
2 1 11
2 23 25
1 15
1 6
2 14 16
1 17
2 12 18
24
1 2
1 6
1 9
0
1 12
1 20
1 10
1 1
1 5
1 4
1 3
1 14
1 22
1 19
1 8
1 23
1 4
1 13
1 16
1 17
1 15
1 21
1 7
2 18 11
20
0
0
10 12 8 15 13 20 1 10 5 7 2
10 12 8 15 13 20 1 10 5 7 2
0
10 12 8 15 13 20 1 10 5 7 2
0
0
10 12 8 15 13 20 1 10 5 7 2
0
10 12 8 15 13 20 1 10 5 7 2
0
0
10 12 8 15 13 20 1 10 5 7 2
0
10 12 8 15 13 20 1 10 5 7 2
10 12 8 15 13 20 1 10 5 7 2
10 12 8 15 13 20 1 10 5 7 2
10 12 8 15 13 20 1 10 5 7 2
0
50
2 34 26
2 48 44
2 12 45
0
0
2 16 9
0
2 18 27
2 50 38
2 25 30
1 14
0
2 37 2
0
0
0
2 15 42
0
0
0
0
2 4 11
2 41 8
0
0
2 19 23
2 49 31
0
0
2 32 3
2 29 13
0
2 39 1
0
0
2 20 46
0
2 24 36
0
2 7 6
0
2 47 22
2 35 17
2 5 40
2 28 33
2 21 43
0
0
0
0
50
0
2 26 50
2 11 2
0
0
2 42 10
1 18
2 37 38
2 47 22
2 4 24
0
0
2 27 21
0
0
2 29 3
2 41 7
0
2 1 6
0
2 36 16
2 39 28
2 44 17
2 5 34
2 35 45
0
0
2 15 40
0
0
2 33 9
0
0
2 30 49
0
0
0
2 32 31
0
2 14 46
1 7
0
0
0
2 48 23
2 20 19
0
0
2 12 25
2 43 8
48
0
1 9
1 11
1 1
1 13
2 4 31
0
1 7
0
0
0
1 17
0
1 22
0
0
0
1 17
2 48 28
1 15
2 24 14
0
2 8 27
1 22
2 29 35
2 38 20
1 7
1 32
1 10
0
1 1
0
1 16
2 47 2
1 10
2 41 44
2 43 5
1 15
1 16
2 18 12
1 30
2 46 3
1 13
1 30
2 33 39
1 11
1 9
1 32
50
1 11
1 11
1 11
1 11
1 11
1 11
1 11
1 11
1 11
1 11
0
1 11
1 11
1 11
1 11
1 11
1 11
1 11
1 11
1 11
1 11
1 11
1 11
1 11
1 11
1 11
1 11
1 11
1 11
1 11
1 11
1 11
1 11
1 11
1 11
1 11
1 11
1 11
1 11
1 11
1 11
1 11
1 11
1 11
1 11
1 11
1 11
1 11
1 11
1 11
50
1 27
1 18
1 38
1 2
1 33
1 11
1 8
1 25
1 43
1 40
1 13
1 49
1 7
1 37
1 35
1 41
1 9
1 29
1 46
0
1 22
1 30
1 12
1 10
1 15
1 47
1 26
1 19
1 42
1 6
1 32
1 48
1 36
1 23
1 50
1 17
1 5
1 31
1 3
1 20
1 21
1 16
1 44
1 34
1 1
1 4
1 14
1 24
1 39
1 45
50
1 20
1 32
0
1 3
1 10
1 7
1 36
1 40
1 1
1 22
1 4
1 19
1 33
1 24
1 35
1 41
1 45
1 21
1 6
1 13
1 30
1 31
1 11
1 39
1 42
1 12
2 50 3
1 16
1 9
1 48
1 17
1 29
1 49
1 25
1 44
1 2
1 46
1 26
1 34
1 18
1 47
1 43
1 37
1 28
1 23
1 5
1 14
1 38
1 15
1 8
50
0
0
2 44 12
0
0
0
0
1 25
2 24 10
2 28 2
2 20 21
1 31
2 29 15
0
2 45 49
0
2 13 30
2 8 35
0
0
0
1 50
0
1 6
0
2 38 11
1 32
0
2 40 3
2 41 33
0
0
2 18 26
1 19
1 7
2 34 37
1 1
1 23
1 46
2 22 43
2 36 9
0
1 42
1 16
2 27 47
0
1 5
2 4 14
2 39 48
0
50
1 37
2 5 40
1 43
1 37
1 14
2 25 44
2 38 21
1 37
1 37
2 45 46
1 33
1 37
1 28
1 37
1 37
1 37
1 31
1 12
2 11 3
2 7 47
2 2 32
2 17 13
2 22 36
1 1
1 50
1 48
2 9 42
1 37
1 4
1 37
1 37
2 24 49
1 37
1 37
1 37
2 26 27
0
2 10 6
2 19 41
1 30
2 18 29
1 37
1 37
1 34
1 16
1 15
2 39 23
1 37
2 8 35
1 37
50
1 50
1 13
1 15
1 46
1 33
1 32
1 14
1 5
1 34
1 31
2 2 41
1 37
1 49
1 38
1 25
1 39
1 36
1 48
1 23
1 24
1 3
1 43
1 47
1 45
1 7
0
1 28
1 6
1 42
1 27
1 40
1 17
1 9
1 4
1 29
1 35
1 1
1 10
1 22
1 8
1 20
1 16
1 12
1 21
1 18
1 26
1 26
1 44
1 30
1 19
50
0
10 33 5 36 48 47 41 42 29 28 11
0
0
10 46 38 24 14 30 25 7 44 45 17
10 2 35 20 50 40 37 18 39 31 8
10 1 3 19 26 15 21 4 27 22 32
10 33 5 36 48 47 41 42 29 28 11
10 2 35 20 50 40 37 18 39 31 8
10 2 35 20 50 40 37 18 39 31 8
10 46 38 24 14 30 25 7 44 45 17
10 2 35 20 50 40 37 18 39 31 8
10 2 35 20 50 40 37 18 39 31 8
10 1 3 19 26 15 21 4 27 22 32
0
10 2 35 20 50 40 37 18 39 31 8
10 1 3 19 26 15 21 4 27 22 32
10 33 5 36 48 47 41 42 29 28 11
0
10 33 5 36 48 47 41 42 29 28 11
0
0
10 2 35 20 50 40 37 18 39 31 8
10 1 3 19 26 15 21 4 27 22 32
10 1 3 19 26 15 21 4 27 22 32
0
0
10 46 38 24 14 30 25 7 44 45 17
10 46 38 24 14 30 25 7 44 45 17
10 1 3 19 26 15 21 4 27 22 32
10 33 5 36 48 47 41 42 29 28 11
0
10 46 38 24 14 30 25 7 44 45 17
10 2 35 20 50 40 37 18 39 31 8
10 33 5 36 48 47 41 42 29 28 11
10 46 38 24 14 30 25 7 44 45 17
10 33 5 36 48 47 41 42 29 28 11
10 1 3 19 26 15 21 4 27 22 32
10 33 5 36 48 47 41 42 29 28 11
10 33 5 36 48 47 41 42 29 28 11
10 46 38 24 14 30 25 7 44 45 17
10 46 38 24 14 30 25 7 44 45 17
10 2 35 20 50 40 37 18 39 31 8
10 1 3 19 26 15 21 4 27 22 32
10 1 3 19 26 15 21 4 27 22 32
10 1 3 19 26 15 21 4 27 22 32
10 46 38 24 14 30 25 7 44 45 17
10 46 38 24 14 30 25 7 44 45 17
10 2 35 20 50 40 37 18 39 31 8
10 33 5 36 48 47 41 42 29 28 11
5
1 2
0
0
2 1 3
1 1
5
2 3 2
1 5
1 5
0
0
5
0
1 1
0
2 1 3
1 2
5
0
0
0
0
4 4 1 2 3
5
0
1 1
2 2 1
1 2
0
45
1 4
3 12 45 39
0
2 34 23
2 19 3
3 8 7 43
1 8
0
1 23
1 36
3 21 23 15
0
2 38 32
0
0
0
2 35 24
2 19 35
0
1 27
1 19
0
0
0
1 4
0
3 28 22 24
1 14
2 43 27
0
2 8 28
0
0
1 42
0
1 42
2 14 9
1 22
0
2 35 12
1 37
0
0
3 30 3 19
0
45
3 41 27 38
0
4 22 6 2 44
0
1 11
2 2 45
1 39
0
1 21
1 36
1 2
0
2 27 42
0
1 28
1 26
0
1 36
1 17
1 38
0
1 25
0
1 12
3 35 37 17
0
0
1 33
1 6
0
0
5 38 44 37 22 4
3 45 34 14
3 14 24 45
0
0
0
1 21
0
1 7
0
0
1 38
1 37
2 31 27
49
2 47 18
2 5 34
1 25
0
0
1 12
1 39
2 4 25
2 48 33
0
1 34
1 44
0
2 38 5
0
1 12
1 21
2 21 43
0
0
0
0
3 37 31 6
1 11
0
1 36
4 49 21 25 28
0
0
1 48
2 43 29
2 14 4
2 46 5
1 15
0
2 39 16
0
2 35 22
2 21 19
0
1 32
0
0
0
4 48 38 8 22
1 21
1 30
0
0
40
0
2 10 3
0
0
1 4
3 26 21 40
2 24 15
0
2 19 34
0
1 4
2 33 20
0
1 31
1 36
0
0
1 3
0
0
1 29
0
2 8 15
1 16
1 29
1 12
4 6 40 32 2
4 21 12 9 37
0
0
0
2 19 39
0
2 33 1
0
0
1 39
3 23 26 40
0
2 3 8
43
0
0
1 10
0
5 28 8 27 37 30
1 9
0
2 6 1
1 29
0
0
0
0
4 33 41 34 11
0
0
0
0
0
2 42 16
3 42 2 7
0
0
2 1 35
1 35
0
3 16 26 21
0
0
0
2 6 13
4 21 41 2 14
2 19 42
0
2 19 2
1 10
0
2 28 15
3 43 24 18
2 12 19
0
0
0
40
0
0
4 13 18 9 7
1 31
3 38 34 2
4 20 35 32 9
3 38 35 34
1 38
0
1 17
3 35 10 9
2 17 25
0
0
0
2 4 34
0
3 13 8 21
0
0
1 32
1 27
0
2 26 25
0
0
0
3 5 30 39
1 40
1 26
0
0
1 30
1 35
1 9
0
1 23
0
0
0
47
1 17
0
0
2 32 27
0
1 36
2 42 29
0
0
2 21 5
2 34 36
3 34 44 16
0
1 26
2 43 46
1 13
1 16
1 25
1 3
0
0
1 16
4 19 22 39 30
2 46 31
0
1 25
0
4 37 44 7 20
0
0
1 20
0
2 16 19
1 42
2 13 23
0
1 14
4 41 46 20 15
0
1 32
0
1 20
0
0
2 6 11
0
0
43
0
0
0
0
0
1 40
1 12
0
0
0
0
0
0
0
1 31
2 39 37
2 22 13
0
0
2 14 2
0
0
0
1 36
0
1 6
1 7
0
1 37
1 2
2 37 23
1 14
0
0
1 7
2 25 23
0
1 17
2 24 3
1 39
0
3 20 13 7
1 9
46
0
0
3 8 25 45
0
0
1 10
1 10
2 4 43
0
0
0
1 37
0
0
0
1 5
1 35
1 4
0
0
1 8
0
1 34
1 20
1 21
0
1 37
2 19 26
1 24
0
0
2 26 24
2 27 29
0
0
0
0
2 31 26
1 12
2 4 7
0
0
0
1 34
0
1 26
43
2 20 4
0
2 38 41
0
0
1 10
0
0
0
0
0
1 4
1 29
0
1 27
1 28
0
0
0
0
0
0
0
2 12 27
0
3 39 1 21
0
1 3
1 12
1 42
1 11
2 31 29
2 26 22
1 2
0
0
1 27
0
1 11
2 31 39
1 34
0
0
42
1 3
2 31 11
0
0
1 3
0
0
2 29 13
0
1 11
0
1 22
0
1 13
2 37 20
0
1 32
2 12 32
0
0
0
1 37
0
0
1 11
1 22
0
1 42
5 32 13 6 42 34
2 18 24
0
1 6
0
0
0
0
0
0
1 3
0
1 3
0
50
1 2
1 40
0
0
2 2 10
1 22
1 8
0
0
0
3 28 8 7
0
1 49
0
1 23
0
1 14
1 24
0
1 41
1 28
1 24
0
0
1 48
0
0
2 24 46
2 25 28
1 2
0
0
1 20
1 46
0
0
1 2
1 31
1 48
0
1 2
0
0
1 34
2 10 44
0
0
0
0
2 3 43
46
0
1 26
0
2 36 41
1 23
1 15
0
0
3 10 5 13
0
0
2 45 8
0
1 23
1 23
0
2 7 19
0
2 46 14
0
1 26
1 18
0
0
1 6
0
2 5 29
1 46
1 40
0
1 18
1 6
0
0
0
0
1 2
0
1 7
0
0
0
2 24 10
0
1 34
0
44
1 10
1 41
1 2
2 25 37
1 43
0
0
0
0
2 40 26
0
1 41
2 41 2
0
0
0
1 1
3 1 19 44
0
0
0
0
0
0
0
0
2 24 25
0
3 23 24 44
0
1 38
2 4 1
0
0
0
2 23 35
0
0
1 25
0
0
0
0
3 41 37 7
49
1 41
1 29
2 16 43
1 21
0
0
0
3 49 9 29
0
2 48 2
1 46
0
1 1
0
1 31
0
2 32 33
0
0
2 31 7
0
1 44
0
1 6
1 18
0
0
1 30
0
0
0
1 36
2 15 45
0
3 44 49 43
0
0
0
0
1 15
0
2 30 49
0
0
1 15
0
1 12
0
0
44
1 40
1 28
0
1 28
4 43 19 31 18
3 39 37 43
0
0
2 31 42
2 39 18
0
0
0
0
0
1 39
0
0
0
0
0
0
1 39
0
0
0
0
0
0
0
0
0
0
2 28 39
2 34 32
2 40 21
1 4
2 20 40
0
0
1 26
1 2
1 40
1 14
40
1 10
1 14
1 10
0
1 15
1 7
0
1 32
0
0
1 17
2 23 17
1 14
1 25
0
0
0
0
2 30 33
0
1 25
0
0
0
0
0
0
2 36 37
3 14 15 26
0
1 11
0
0
0
1 3
1 39
1 11
2 3 35
1 14
0
42
0
2 24 36
2 22 35
0
0
1 34
1 36
0
1 5
2 28 26
0
0
0
0
2 39 5
2 34 1
0
1 11
0
1 35
0
0
0
0
1 36
1 38
0
0
2 10 1
1 23
1 23
0
2 8 35
1 32
2 36 5
1 14
0
0
0
1 26
0
0
44
0
0
0
0
1 34
0
0
0
0
0
0
1 30
0
0
0
0
0
1 14
1 9
0
1 6
1 9
0
1 4
0
1 30
0
0
2 15 35
1 33
0
0
0
0
0
0
1 34
0
0
0
1 10
1 36
0
0
50
0
2 36 29
0
2 44 49
0
0
0
0
0
1 30
0
0
0
1 21
0
0
0
1 16
0
0
0
0
0
0
0
0
1 6
0
0
1 13
0
0
0
0
2 38 37
0
2 43 31
0
1 30
0
0
0
0
0
0
0
1 25
1 26
0
0
48
0
0
0
0
2 37 30
1 12
0
1 14
1 30
0
1 33
0
1 27
0
2 40 14
0
0
0
2 37 46
1 24
1 10
0
0
0
0
1 8
0
0
0
1 8
0
0
0
0
0
0
0
0
0
0
0
0
0
1 2
0
0
0
0
50
0
0
0
1 20
0
0
1 2
0
0
0
0
0
1 33
0
1 39
2 38 22
0
0
0
0
1 44
1 6
0
0
1 40
1 47
0
1 43
1 32
0
0
0
0
0
0
0
0
0
0
1 39
2 34 28
0
0
0
0
0
0
0
1 28
0
44
1 23
0
0
0
1 19
0
1 37
1 38
0
2 27 43
1 25
0
0
0
0
0
0
0
0
0
0
0
0
0
0
1 37
0
0
0
0
0
0
0
1 20
0
1 16
0
2 4 17
1 24
0
1 32
0
0
0
46
1 12
0
0
0
0
0
1 45
0
0
0
0
1 23
0
1 3
0
2 2 40
1 8
0
0
0
0
0
1 8
0
0
0
0
0
0
0
1 5
1 37
0
1 23
0
0
1 23
1 39
0
0
1 23
1 5
0
0
0
0
45
1 13
0
1 34
0
0
0
1 1
0
2 36 11
1 3
0
0
0
0
0
0
0
0
0
1 36
0
0
0
0
0
2 27 3
1 8
2 39 12
0
0
0
0
0
0
0
0
0
1 24
0
0
0
1 35
0
1 19
0
