50
24
0
0
2 4 7
0
1 6
0
2 1 12
2 21 5
0
2 24 14
2 19 8
2 22 23
0
2 9 11
2 2 18
2 13 15
0
2 17 10
0
0
0
0
2 20 16
0
24
2 19 2
2 10 3
2 11 5
0
2 17 16
0
2 14 9
2 6 7
2 12 1
0
0
0
0
0
0
2 23 24
0
2 22 21
0
2 15 18
2 13 8
0
1 24
1 4
24
0
1 8
0
1 1
1 1
1 17
0
0
1 8
2 21 6
1 3
2 9 2
0
2 23 18
2 24 11
1 13
0
1 7
1 13
2 19 16
1 17
2 5 4
1 7
1 3
25
1 11
1 11
1 11
1 11
1 11
1 11
1 11
1 11
1 11
1 11
0
1 11
1 11
1 11
1 11
1 11
1 11
1 11
1 11
1 11
1 11
1 11
1 11
1 11
1 11
25
1 7
1 9
1 13
1 17
1 10
1 21
1 22
1 12
0
1 18
1 16
1 19
1 5
1 2
1 11
1 4
1 25
1 8
1 1
1 6
1 14
1 23
1 20
1 3
1 24
25
1 8
2 18 11
1 21
1 19
1 1
1 4
1 23
1 15
1 12
1 7
0
1 11
1 3
1 13
1 16
1 25
1 6
1 24
1 20
1 10
1 5
1 14
1 9
1 22
1 17
25
2 15 2
2 16 13
0
0
1 8
0
0
0
2 25 14
1 3
0
2 21 22
2 10 17
2 4 6
2 12 9
2 5 23
2 24 7
0
0
0
1 11
1 19
1 20
0
1 18
25
1 11
1 11
1 11
2 14 19
1 8
1 15
1 2
1 11
1 1
1 24
0
2 20 5
2 21 17
2 7 10
1 11
2 4 25
2 23 3
1 11
2 6 9
1 22
1 18
1 11
1 11
1 11
2 12 13
24
1 22
2 24 14
1 9
1 20
1 11
1 18
1 16
1 7
0
1 6
1 8
1 21
1 19
1 12
1 17
1 23
1 10
1 3
1 15
1 5
1 4
1 13
1 9
1 1
20
10 11 4 16 19 7 20 14 2 5 15
0
10 11 4 16 19 7 20 14 2 5 15
0
0
10 11 4 16 19 7 20 14 2 5 15
0
10 11 4 16 19 7 20 14 2 5 15
10 11 4 16 19 7 20 14 2 5 15
10 11 4 16 19 7 20 14 2 5 15
0
10 11 4 16 19 7 20 14 2 5 15
10 11 4 16 19 7 20 14 2 5 15
0
0
0
10 11 4 16 19 7 20 14 2 5 15
10 11 4 16 19 7 20 14 2 5 15
0
0
50
2 50 43
2 8 6
0
2 15 42
0
2 46 16
2 11 26
0
2 23 39
0
0
0
1 21
2 36 13
0
2 5 1
2 30 14
2 3 48
0
2 49 18
0
0
0
2 27 45
0
2 19 37
0
2 33 40
2 22 35
0
0
0
0
0
2 34 9
0
2 10 29
0
2 38 2
2 41 24
0
2 47 20
2 25 28
2 12 4
2 32 17
0
0
2 31 7
0
0
50
2 16 20
0
2 12 41
2 21 7
0
0
2 49 14
0
0
0
0
0
0
2 5 27
0
0
2 9 31
2 8 3
0
2 45 37
0
2 6 26
2 13 25
2 10 42
2 36 35
2 50 18
2 47 48
2 19 24
0
2 38 28
2 34 23
0
0
0
1 33
1 35
2 15 30
0
0
0
2 2 1
2 11 44
2 32 46
2 29 4
0
2 40 22
0
2 39 17
0
0
48
0
1 22
2 12 32
1 29
1 41
0
1 8
0
0
1 9
1 25
1 21
1 41
1 29
2 10 38
2 14 4
1 31
2 44 40
1 28
2 35 19
0
0
1 45
2 17 34
0
2 30 7
2 5 13
0
0
1 8
0
1 21
2 23 43
1 31
1 28
1 6
2 46 36
1 9
1 25
1 1
0
1 22
1 45
1 1
0
1 6
2 2 42
2 39 11
50
1 13
1 13
1 13
1 13
1 13
1 13
1 13
1 13
1 13
1 13
1 13
1 13
0
1 13
1 13
1 13
1 13
1 13
1 13
1 13
1 13
1 13
1 13
1 13
1 13
1 13
1 13
1 13
1 13
1 13
1 13
1 13
1 13
1 13
1 13
1 13
1 13
1 13
1 13
1 13
1 13
1 13
1 13
1 13
1 13
1 13
1 13
1 13
1 13
1 13
50
1 9
1 21
1 6
1 15
1 3
1 44
1 37
1 28
1 35
0
1 1
1 14
1 10
1 22
1 23
1 45
1 27
1 50
1 48
1 47
1 40
1 16
1 46
1 42
1 18
1 41
1 2
1 12
1 19
1 34
1 49
1 11
1 32
1 4
1 39
1 20
1 31
1 30
1 43
1 33
1 36
1 38
1 8
1 17
1 7
1 29
1 13
1 5
1 25
1 26
50
1 41
1 43
1 44
1 13
1 15
1 48
1 6
1 16
1 39
1 12
0
1 40
1 18
1 26
1 30
1 14
1 34
1 10
1 1
1 47
1 27
1 37
2 32 11
1 22
1 29
1 38
1 5
1 7
1 31
1 17
1 2
1 49
1 46
1 8
1 11
1 28
1 35
1 9
1 42
1 19
1 50
1 25
1 20
1 21
1 33
1 4
1 36
1 24
1 45
1 3
50
0
0
2 35 9
1 12
1 26
2 34 44
1 8
0
1 45
0
2 24 6
0
2 40 4
2 25 29
1 17
0
0
0
2 27 14
2 50 47
0
1 39
2 3 13
2 15 33
2 20 49
0
2 23 11
0
2 48 32
0
2 46 18
2 43 31
1 28
1 10
1 16
0
2 41 42
0
0
1 21
0
0
1 38
2 36 1
0
0
1 30
2 7 22
2 5 37
1 2
50
2 44 34
1 26
1 11
1 11
2 15 20
2 16 1
1 31
1 43
1 28
1 11
0
2 24 46
2 42 48
1 4
2 22 13
2 14 30
1 11
1 11
2 38 23
2 12 6
1 17
2 19 45
1 33
2 29 9
1 11
1 11
1 35
1 11
1 47
1 36
1 11
1 11
1 11
2 18 37
1 11
1 11
1 11
1 32
2 50 10
1 41
1 11
2 7 2
1 11
1 3
2 8 49
2 21 40
1 11
2 27 39
1 25
1 11
50
1 19
1 5
1 7
1 11
1 35
1 16
1 29
1 34
1 28
1 9
1 30
1 23
1 14
1 49
1 50
1 31
1 27
1 33
1 3
1 47
1 47
1 12
1 32
1 36
1 43
1 18
1 48
1 21
1 40
1 20
1 17
1 15
1 8
1 41
1 44
1 26
1 10
2 25 1
1 45
1 39
1 13
1 6
1 46
1 4
1 24
1 42
0
1 22
1 37
1 2
50
0
0
10 29 43 5 40 32 1 41 21 15 2
10 47 34 45 12 10 35 16 22 11 36
0
10 44 20 18 19 31 46 3 33 25 38
10 44 20 18 19 31 46 3 33 25 38
10 44 20 18 19 31 46 3 33 25 38
10 47 34 45 12 10 35 16 22 11 36
10 50 8 39 28 23 26 48 24 7 6
10 50 8 39 28 23 26 48 24 7 6
10 50 8 39 28 23 26 48 24 7 6
10 47 34 45 12 10 35 16 22 11 36
10 47 34 45 12 10 35 16 22 11 36
0
10 50 8 39 28 23 26 48 24 7 6
10 47 34 45 12 10 35 16 22 11 36
10 29 43 5 40 32 1 41 21 15 2
10 29 43 5 40 32 1 41 21 15 2
10 29 43 5 40 32 1 41 21 15 2
0
10 50 8 39 28 23 26 48 24 7 6
10 44 20 18 19 31 46 3 33 25 38
10 44 20 18 19 31 46 3 33 25 38
10 29 43 5 40 32 1 41 21 15 2
10 44 20 18 19 31 46 3 33 25 38
10 47 34 45 12 10 35 16 22 11 36
10 44 20 18 19 31 46 3 33 25 38
0
10 47 34 45 12 10 35 16 22 11 36
10 29 43 5 40 32 1 41 21 15 2
0
10 29 43 5 40 32 1 41 21 15 2
10 50 8 39 28 23 26 48 24 7 6
10 50 8 39 28 23 26 48 24 7 6
10 50 8 39 28 23 26 48 24 7 6
10 47 34 45 12 10 35 16 22 11 36
10 29 43 5 40 32 1 41 21 15 2
10 44 20 18 19 31 46 3 33 25 38
0
0
10 47 34 45 12 10 35 16 22 11 36
0
10 29 43 5 40 32 1 41 21 15 2
10 50 8 39 28 23 26 48 24 7 6
10 29 43 5 40 32 1 41 21 15 2
10 50 8 39 28 23 26 48 24 7 6
10 44 20 18 19 31 46 3 33 25 38
10 47 34 45 12 10 35 16 22 11 36
10 44 20 18 19 31 46 3 33 25 38
5
1 5
0
1 2
1 2
1 2
5
0
0
1 1
1 2
2 3 1
5
0
0
0
2 1 2
2 1 2
5
0
2 5 4
1 1
0
1 4
5
2 2 4
0
2 2 5
0
0
41
1 14
2 17 26
2 2 27
2 13 22
1 2
4 9 39 19 25
5 29 8 39 13 36
3 37 23 18
1 2
0
0
2 27 5
1 20
0
2 30 22
1 19
0
0
0
0
1 26
0
0
0
0
1 10
2 11 20
2 23 18
0
0
3 17 20 38
2 17 30
0
2 12 20
0
0
0
1 33
0
0
0
43
0
1 39
1 33
3 43 16 41
0
2 37 24
0
1 25
1 38
0
0
1 10
1 5
2 16 27
1 29
0
1 42
0
3 10 1 16
0
0
1 39
1 27
0
1 6
3 2 24 20
2 18 13
0
1 13
1 1
4 3 4 43 24
0
1 35
3 20 40 6
0
0
2 14 18
0
0
2 15 39
1 5
1 35
1 33
46
0
0
4 14 22 26 40
0
0
1 38
0
2 22 30
0
1 27
1 31
1 1
1 44
1 37
0
6 33 45 28 11 18 41
0
1 43
0
2 29 6
0
0
0
1 8
2 2 45
3 14 11 22
0
1 11
0
1 1
0
1 45
0
3 29 43 33
0
2 45 4
0
0
4 24 8 23 33
2 31 9
0
2 25 37
1 17
0
0
2 40 21
42
0
0
0
3 14 40 26
1 26
3 15 2 39
0
1 1
0
0
1 38
1 24
0
1 15
1 39
2 35 15
2 26 1
1 38
1 21
0
2 18 35
6 17 8 24 30 36 38
3 39 40 31
1 5
2 40 2
2 3 8
0
2 14 38
0
2 19 32
0
1 5
0
0
0
1 38
1 21
0
0
0
1 21
0
41
0
0
0
4 1 34 33 2
4 15 39 25 11
0
0
2 9 33
0
1 7
2 40 21
3 27 14 19
0
1 39
0
1 3
3 34 9 1
1 33
0
0
0
1 40
0
2 1 27
1 2
1 39
0
1 38
1 25
1 1
2 30 2
1 21
0
1 22
4 23 7 22 13
0
1 7
0
1 30
0
1 9
43
0
3 26 25 20
0
1 15
2 37 16
0
1 20
0
0
3 11 28 3
1 28
3 16 6 14
2 27 7
1 35
4 3 22 30 8
0
0
0
1 15
0
3 2 30 1
0
0
1 42
0
0
2 10 22
0
2 22 37
0
1 5
0
0
4 4 35 41 26
0
1 29
0
0
1 20
2 31 3
2 25 6
0
2 17 38
47
0
2 45 7
1 43
1 19
3 28 15 7
2 7 37
0
1 24
0
0
2 28 12
0
2 27 40
2 35 16
1 33
0
2 7 18
0
2 32 46
4 15 19 13 8
0
0
3 31 34 42
0
1 29
0
1 16
0
0
0
2 28 21
0
0
1 16
2 24 16
1 32
0
2 18 4
4 17 31 3 27
0
1 7
1 36
0
2 28 15
0
1 24
0
40
0
1 10
1 10
0
3 18 27 19
0
3 17 27 23
1 1
1 28
1 31
1 19
1 18
0
0
0
1 20
2 20 18
1 4
0
0
0
0
0
0
1 39
1 28
1 4
1 38
1 5
1 2
0
0
1 32
0
0
0
0
0
0
2 20 10
40
0
0
0
1 23
0
1 26
3 2 37 32
2 14 34
0
0
2 12 1
1 19
0
1 30
0
0
0
0
0
0
0
0
2 14 30
1 36
1 13
1 27
0
0
0
0
1 3
3 19 27 26
0
1 12
1 24
0
1 33
1 13
0
2 36 21
50
0
0
0
0
0
1 37
3 25 22 49
0
0
1 30
1 7
0
0
0
0
0
2 30 20
2 41 31
0
1 12
1 24
0
0
1 22
0
1 34
0
1 42
1 48
0
0
0
0
2 21 17
3 22 39 24
0
0
1 32
0
1 22
1 22
1 17
1 2
2 13 37
1 12
1 30
0
1 42
1 22
1 6
44
0
1 36
0
0
0
2 41 2
1 28
2 44 10
1 10
0
0
0
0
2 17 22
0
1 10
2 41 4
1 2
1 31
4 36 12 13 24
1 44
0
0
0
0
1 12
1 13
1 19
2 20 25
0
2 39 44
0
0
0
0
1 39
1 44
0
0
1 44
0
0
0
0
50
2 4 29
2 16 25
1 40
0
0
2 2 8
0
3 11 24 44
2 41 45
1 16
0
1 15
0
1 15
0
0
0
0
0
4 48 29 14 3
1 43
1 25
0
1 28
0
0
0
1 25
0
1 7
1 2
0
0
0
2 45 49
0
1 11
2 40 18
1 34
0
0
0
0
1 19
0
1 37
0
0
0
0
50
3 26 20 23
1 17
0
1 43
0
0
1 9
0
0
0
3 16 3 47
1 5
1 31
2 10 8
1 24
0
0
1 26
0
1 27
1 23
1 33
0
2 10 19
2 28 47
1 5
0
1 21
1 40
1 12
0
3 7 43 6
0
1 26
0
0
0
1 3
1 6
0
0
0
0
0
0
0
0
0
0
1 4
42
1 9
1 33
0
1 1
0
0
0
1 21
1 33
1 17
2 10 14
0
0
0
0
1 36
1 18
0
0
0
0
3 8 42 17
1 38
2 18 27
0
1 20
1 6
1 15
1 27
1 31
0
0
0
1 18
1 27
1 13
1 5
0
1 16
1 35
0
1 13
45
1 33
0
0
1 18
3 24 25 23
1 10
1 43
0
0
0
0
0
0
2 28 18
0
0
1 13
1 21
1 6
0
0
0
2 20 33
1 31
1 6
2 28 32
0
0
0
2 16 35
1 16
0
1 16
1 43
2 39 44
1 7
0
1 12
1 6
0
0
2 34 24
0
0
0
47
1 23
0
1 14
1 13
1 35
0
0
0
0
0
2 18 29
0
0
0
0
0
0
2 15 22
1 33
0
0
0
0
0
0
1 8
0
2 40 39
0
0
1 26
0
0
1 43
1 42
3 34 38 21
2 29 32
1 15
1 2
2 7 41
1 31
1 8
0
2 42 6
3 6 11 41
0
0
45
0
0
1 25
0
2 39 14
0
3 39 18 31
0
0
0
0
1 24
4 34 30 4 7
1 42
1 3
0
2 15 35
0
1 20
2 34 25
0
1 25
0
0
0
0
0
0
0
0
0
0
2 27 9
1 4
1 25
0
1 12
0
2 21 29
2 27 41
0
0
0
2 12 6
0
45
2 18 39
1 31
2 23 35
1 43
1 39
0
0
1 7
3 5 20 1
0
0
0
0
0
1 1
0
0
0
1 24
1 36
1 43
0
1 45
1 29
0
0
2 18 36
0
1 12
0
1 5
0
0
2 32 13
0
0
0
1 44
0
1 45
2 1 24
0
2 1 36
0
1 18
47
1 13
0
0
0
0
1 17
0
0
1 11
0
0
0
0
1 17
0
0
2 7 10
1 41
0
0
0
0
0
0
0
0
0
1 36
0
1 2
1 2
1 19
0
1 12
0
0
1 26
0
0
0
0
0
0
0
1 15
0
1 4
50
0
0
0
1 25
0
0
1 33
0
0
0
0
0
0
0
1 1
2 48 20
1 42
1 7
0
0
0
0
1 24
0
0
0
1 2
1 37
0
1 5
0
0
0
0
0
0
1 30
0
1 25
0
0
0
1 12
0
1 49
0
0
0
0
1 36
44
0
0
0
0
0
1 2
0
0
0
0
0
0
1 26
0
0
0
0
0
1 3
1 36
2 17 40
0
0
0
2 9 15
0
0
2 19 24
0
0
0
0
0
1 36
0
0
0
0
1 18
1 4
0
1 31
0
0
47
1 18
0
0
0
0
0
0
0
1 22
0
0
0
0
1 27
0
0
1 43
0
0
0
0
0
0
0
0
0
0
0
0
0
0
1 18
0
1 8
0
1 18
0
1 15
0
2 15 28
1 16
0
1 44
0
1 4
1 25
1 34
49
0
0
0
1 20
0
2 39 4
0
0
0
0
0
0
0
0
0
1 27
0
0
1 29
0
0
0
0
0
0
0
0
2 6 39
0
0
0
1 9
2 49 23
0
0
0
1 24
0
0
0
1 26
1 9
0
1 3
0
1 13
0
1 5
0
44
0
0
2 19 22
0
0
0
0
0
0
0
0
1 13
0
0
0
0
1 24
2 40 2
0
0
0
0
0
0
0
0
2 7 29
0
0
1 20
0
0
0
1 44
0
0
0
0
0
0
1 20
1 20
0
2 22 23
44
1 8
0
0
0
0
0
0
1 7
0
1 25
0
0
0
0
1 16
0
1 4
0
1 7
1 14
1 3
0
1 43
0
0
0
0
0
0
0
3 44 24 27
0
0
0
1 25
0
0
0
0
1 37
0
0
0
0
