50
24
0
0
0
2 1 18
2 6 22
0
0
1 7
2 14 12
0
0
2 17 4
0
0
2 11 21
0
0
2 13 5
2 10 23
2 24 9
2 3 19
2 2 8
2 16 20
0
24
0
0
0
0
1 12
2 19 5
2 4 14
0
2 3 13
0
0
0
2 10 17
2 20 23
0
2 15 9
2 1 18
2 24 6
1 5
0
2 11 16
2 2 21
2 8 22
0
24
2 16 3
1 10
1 11
1 22
2 8 7
1 22
1 24
1 24
1 17
0
0
1 10
2 9 14
1 17
1 18
1 11
0
0
1 18
2 4 6
2 12 2
0
2 15 19
0
25
1 11
1 11
1 11
1 11
1 11
1 11
1 11
1 11
1 11
1 11
0
1 11
1 11
1 11
1 11
1 11
1 11
1 11
1 11
1 11
1 11
1 11
1 11
1 11
1 11
25
1 25
0
1 7
1 12
1 20
1 14
1 1
1 17
1 5
1 11
1 19
1 18
1 24
1 22
1 2
1 13
1 6
1 21
1 9
1 8
1 23
1 16
1 10
1 15
1 4
25
1 10
1 7
1 14
1 13
1 8
0
1 5
1 3
1 17
1 21
1 6
1 2
1 11
1 22
2 23 6
1 9
1 20
1 19
1 16
1 12
1 25
1 4
1 24
1 1
1 18
25
0
2 23 3
2 16 10
1 6
1 9
0
2 4 20
0
0
0
0
2 14 2
2 12 18
2 5 25
0
0
0
2 7 19
2 24 22
1 11
0
2 21 15
1 8
1 17
1 1
25
1 6
2 17 21
1 6
1 6
1 20
0
1 3
1 6
1 8
1 6
2 15 16
1 6
1 6
1 13
1 24
2 12 1
2 18 19
2 14 23
2 5 22
1 6
2 25 11
1 10
1 4
1 6
2 9 7
24
1 3
1 13
1 22
1 10
1 19
1 9
1 4
1 12
1 8
1 12
1 15
0
1 14
1 16
1 1
1 18
1 7
1 17
1 6
1 5
1 23
1 20
1 2
2 11 21
20
10 20 19 14 8 6 3 2 4 16 9
0
0
0
10 20 19 14 8 6 3 2 4 16 9
0
10 20 19 14 8 6 3 2 4 16 9
0
0
10 20 19 14 8 6 3 2 4 16 9
10 20 19 14 8 6 3 2 4 16 9
10 20 19 14 8 6 3 2 4 16 9
10 20 19 14 8 6 3 2 4 16 9
0
10 20 19 14 8 6 3 2 4 16 9
0
10 20 19 14 8 6 3 2 4 16 9
10 20 19 14 8 6 3 2 4 16 9
0
0
50
0
2 9 49
0
0
0
0
2 33 42
0
0
2 5 17
0
0
0
0
2 4 28
2 12 18
2 43 27
2 1 21
2 6 29
2 23 16
2 35 37
2 13 10
0
1 41
2 8 26
2 32 48
2 50 39
2 14 25
2 45 24
0
0
0
0
2 44 15
0
2 40 19
2 46 34
0
2 38 7
0
0
2 3 47
0
0
0
0
2 30 36
2 11 2
2 31 22
0
50
2 15 5
2 30 47
0
0
2 4 24
2 48 17
0
2 45 34
0
0
2 36 25
2 42 26
0
0
0
0
2 3 1
0
0
2 14 8
0
2 10 39
2 35 41
2 46 50
2 13 23
2 21 20
0
2 37 11
0
0
2 29 28
0
0
2 32 31
0
0
0
0
2 27 40
2 19 43
2 38 2
0
2 33 6
2 7 22
0
1 50
2 18 44
0
2 16 12
1 9
48
1 2
0
1 42
2 7 1
1 40
0
1 2
0
1 8
2 31 43
1 28
1 40
1 42
1 27
2 48 21
1 6
1 44
0
1 28
2 34 35
1 33
1 25
2 13 3
2 37 22
0
2 39 9
0
0
2 11 19
1 6
1 46
2 30 16
0
1 18
1 18
2 14 45
1 25
1 44
1 8
0
2 17 38
0
1 46
0
1 27
0
2 12 5
1 33
50
1 29
1 29
1 29
1 29
1 29
1 29
1 29
1 29
1 29
1 29
1 29
1 29
1 29
1 29
1 29
1 29
1 29
1 29
1 29
1 29
1 29
1 29
1 29
1 29
1 29
1 29
1 29
1 29
0
1 29
1 29
1 29
1 29
1 29
1 29
1 29
1 29
1 29
1 29
1 29
1 29
1 29
1 29
1 29
1 29
1 29
1 29
1 29
1 29
1 29
50
1 2
1 28
1 41
1 23
1 38
1 27
1 12
1 4
1 31
1 25
1 36
1 22
1 26
1 7
1 34
1 32
1 50
1 39
1 43
1 19
1 10
1 29
1 44
1 30
1 24
1 35
1 1
1 5
1 20
1 18
1 6
1 47
1 21
1 8
1 42
1 45
1 48
1 14
1 16
1 15
1 49
0
1 40
1 13
1 9
1 37
1 17
1 33
1 11
1 3
50
1 41
1 30
1 34
1 20
1 3
1 12
1 9
1 1
1 25
1 6
1 7
1 38
1 43
1 39
1 13
1 8
1 23
1 11
1 15
1 17
1 19
0
1 2
1 49
1 42
1 21
1 47
1 5
1 32
1 40
1 46
1 10
1 29
1 45
1 26
1 48
1 36
1 27
1 28
1 33
1 50
1 24
1 14
2 18 22
1 31
1 22
1 35
1 4
1 16
1 37
50
2 22 29
0
1 50
1 15
2 36 37
2 39 9
1 38
0
2 12 5
2 30 44
1 20
1 25
2 6 42
2 10 1
0
0
0
0
2 23 43
0
2 45 26
2 41 3
1 46
1 33
0
0
1 17
1 35
2 27 21
2 4 28
2 11 49
2 14 13
0
0
0
0
0
0
2 48 40
1 47
1 34
2 19 31
1 18
2 24 7
0
0
0
1 16
2 2 8
0
50
2 9 18
2 42 38
1 19
2 1 13
1 25
1 7
0
2 6 32
2 3 21
1 7
2 44 40
1 10
2 45 50
1 7
2 47 11
1 33
2 12 41
2 48 27
1 7
1 29
1 36
2 23 24
1 7
1 7
1 7
2 4 15
1 43
1 14
1 7
1 37
1 7
1 7
1 7
1 49
1 7
1 7
1 7
1 46
1 7
2 5 8
1 31
1 35
1 7
2 34 16
2 20 28
1 7
2 17 2
1 39
1 7
2 30 22
50
1 30
1 12
0
1 11
1 28
1 9
1 18
1 2
1 47
1 45
1 40
1 21
1 34
1 38
1 16
1 49
2 14 19
1 22
1 31
1 48
1 29
1 10
1 44
1 26
1 20
1 3
1 46
1 42
1 15
1 39
1 8
1 1
1 25
1 35
1 24
1 33
1 27
1 41
1 43
1 13
1 50
1 6
1 3
1 32
1 37
1 36
1 4
1 23
1 5
1 7
50
0
0
10 17 8 21 25 10 45 41 15 49 16
10 22 46 5 33 38 36 50 3 34 42
10 17 8 21 25 10 45 41 15 49 16
10 22 46 5 33 38 36 50 3 34 42
0
10 1 47 7 48 2 13 24 11 37 26
10 22 46 5 33 38 36 50 3 34 42
10 1 47 7 48 2 13 24 11 37 26
0
10 9 29 27 44 35 6 4 18 43 20
0
10 9 29 27 44 35 6 4 18 43 20
10 1 47 7 48 2 13 24 11 37 26
10 1 47 7 48 2 13 24 11 37 26
10 1 47 7 48 2 13 24 11 37 26
10 22 46 5 33 38 36 50 3 34 42
10 9 29 27 44 35 6 4 18 43 20
10 22 46 5 33 38 36 50 3 34 42
10 1 47 7 48 2 13 24 11 37 26
10 17 8 21 25 10 45 41 15 49 16
10 9 29 27 44 35 6 4 18 43 20
0
10 1 47 7 48 2 13 24 11 37 26
0
10 22 46 5 33 38 36 50 3 34 42
10 9 29 27 44 35 6 4 18 43 20
10 22 46 5 33 38 36 50 3 34 42
10 9 29 27 44 35 6 4 18 43 20
10 9 29 27 44 35 6 4 18 43 20
10 9 29 27 44 35 6 4 18 43 20
10 17 8 21 25 10 45 41 15 49 16
10 17 8 21 25 10 45 41 15 49 16
10 22 46 5 33 38 36 50 3 34 42
10 17 8 21 25 10 45 41 15 49 16
0
10 17 8 21 25 10 45 41 15 49 16
10 9 29 27 44 35 6 4 18 43 20
10 9 29 27 44 35 6 4 18 43 20
10 1 47 7 48 2 13 24 11 37 26
10 17 8 21 25 10 45 41 15 49 16
10 22 46 5 33 38 36 50 3 34 42
10 22 46 5 33 38 36 50 3 34 42
10 1 47 7 48 2 13 24 11 37 26
10 17 8 21 25 10 45 41 15 49 16
0
0
10 1 47 7 48 2 13 24 11 37 26
10 17 8 21 25 10 45 41 15 49 16
5
1 5
1 3
1 5
1 5
0
5
0
2 4 3
0
1 3
1 1
5
1 3
1 1
0
2 5 2
0
5
0
1 1
1 5
2 2 3
0
5
1 4
0
1 2
0
2 4 2
48
0
0
4 1 13 25 48
1 42
2 41 37
1 16
0
0
0
1 18
5 32 39 2 42 8
0
1 32
2 37 8
3 25 31 46
1 35
2 13 41
0
0
0
2 35 20
1 43
1 15
2 35 32
0
1 20
0
1 25
0
1 43
0
0
1 48
2 12 3
1 2
3 11 23 13
0
1 43
2 26 13
0
0
1 28
1 35
0
1 16
0
1 18
2 43 39
48
3 4 16 8
1 18
0
1 20
0
1 36
1 6
0
0
0
2 36 29
0
0
0
1 13
0
2 11 46
1 41
3 16 21 5
2 14 15
1 18
2 33 36
3 12 46 19
0
1 47
3 46 5 41
0
3 6 36 39
0
1 3
3 14 34 32
1 39
0
1 36
1 26
0
2 45 11
1 36
0
2 39 41
0
0
3 7 14 1
0
0
0
2 18 20
0
43
3 25 32 17
1 11
1 17
2 25 17
1 11
2 30 11
1 42
4 13 16 24 32
0
1 5
1 30
1 4
0
1 39
0
0
0
0
1 18
0
2 1 20
0
1 39
0
2 30 32
1 18
3 28 4 3
1 24
0
0
2 41 12
0
3 30 4 37
0
0
0
0
0
0
4 7 27 20 15
1 22
2 30 24
1 12
41
1 13
0
3 6 17 28
1 36
1 27
0
0
0
2 10 7
0
0
0
1 20
3 16 19 41
0
0
1 13
1 11
1 10
1 16
0
1 13
1 7
1 19
0
0
3 17 28 37
1 10
0
1 16
1 34
0
2 10 29
0
1 19
4 18 19 34 13
0
3 10 18 21
2 17 9
2 32 25
2 26 15
41
1 4
5 24 26 9 30 5
0
0
0
3 32 41 37
2 27 40
3 38 31 21
0
1 35
0
0
1 38
3 26 19 22
1 12
0
1 15
0
0
0
0
1 3
1 12
0
0
0
0
1 21
1 12
0
0
1 15
2 15 26
2 28 14
2 26 17
4 26 38 9 31
2 35 19
0
1 24
2 27 38
0
40
2 4 34
1 15
0
3 6 11 22
0
1 35
1 27
1 14
2 6 28
0
0
1 37
0
0
0
0
0
1 17
0
5 30 9 15 40 3
3 3 26 4
0
1 36
0
2 32 13
1 14
0
1 35
1 12
0
2 38 37
1 27
2 4 32
1 3
1 15
0
1 27
2 10 28
0
3 7 16 21
43
0
4 9 42 11 40
1 18
0
1 14
2 13 8
0
0
1 10
1 14
1 33
1 4
0
0
1 18
0
2 18 43
0
0
6 39 13 6 3 24 4
3 18 42 17
0
0
0
0
1 7
1 30
1 24
1 13
1 33
2 17 18
1 37
0
3 8 13 37
1 28
1 18
0
2 15 34
2 16 17
0
1 19
1 18
0
47
0
0
0
1 7
0
3 30 40 8
0
0
1 30
0
0
1 3
2 21 39
1 22
0
1 12
1 30
3 37 31 15
1 32
0
0
1 20
0
0
1 2
0
0
6 27 35 31 47 2 42
1 21
0
0
0
1 7
0
1 9
0
0
0
0
0
2 12 3
1 31
1 5
0
0
1 34
0
47
0
1 45
1 18
1 13
2 2 3
0
0
1 25
1 1
0
1 41
0
2 1 9
0
1 26
0
0
0
3 42 31 2
0
0
0
1 42
2 25 36
0
1 20
0
1 18
0
0
0
0
0
0
0
0
0
1 7
2 22 8
1 30
2 27 8
2 35 21
1 47
2 14 25
0
0
1 31
46
2 41 34
1 8
0
3 8 21 38
0
0
0
0
1 36
1 3
2 45 44
0
2 16 46
3 21 1 16
0
0
1 38
1 44
0
1 37
0
1 41
0
1 30
0
0
0
1 14
1 3
2 14 41
0
0
0
0
0
0
1 8
0
0
2 33 14
0
1 1
0
2 5 42
0
0
45
0
2 45 22
0
0
0
0
0
1 25
1 25
0
0
0
0
1 40
0
1 6
4 3 21 15 13
0
4 16 28 13 23
1 35
0
0
0
0
1 42
1 23
0
1 45
1 17
1 22
1 23
0
1 21
1 11
0
0
1 4
1 39
1 23
4 29 24 21 30
0
0
0
0
0
45
0
0
0
1 41
1 31
0
0
0
1 12
0
1 40
2 13 2
0
1 32
0
4 31 21 25 3
2 40 21
1 37
0
1 2
0
0
2 27 38
2 28 30
0
1 38
1 10
0
0
0
0
2 37 3
1 42
0
1 41
0
0
0
2 2 41
1 41
0
0
0
1 41
1 1
47
0
0
1 30
2 39 43
0
0
1 17
0
1 22
2 8 37
0
0
1 26
0
2 11 39
0
0
0
0
0
1 7
1 24
2 28 4
0
2 9 17
0
0
0
2 22 3
0
1 30
2 28 14
0
0
2 7 37
2 16 31
0
1 6
0
0
1 34
1 14
0
0
3 43 27 6
0
0
44
2 40 27
0
0
0
1 27
1 43
0
0
0
0
1 32
0
1 44
1 27
1 33
1 3
2 19 23
0
0
0
1 25
1 43
0
0
0
0
0
1 3
2 21 17
0
1 8
0
1 23
1 2
0
2 19 12
3 21 31 30
2 40 8
0
0
0
3 18 30 2
0
0
46
1 31
0
0
0
0
0
1 27
1 5
2 46 35
0
1 37
0
0
0
1 44
1 45
2 8 12
0
0
3 27 19 8
2 10 1
2 23 17
0
1 33
1 31
0
1 10
1 30
1 6
2 26 12
1 26
0
1 12
0
0
1 34
0
1 17
0
0
1 35
0
1 19
0
0
0
41
0
0
2 40 23
0
0
0
0
0
0
0
1 22
1 38
1 40
0
1 23
0
1 32
0
2 4 6
2 12 31
1 28
0
0
2 32 23
1 23
1 5
0
0
1 10
0
2 16 26
1 22
0
2 36 12
1 27
0
1 9
0
1 28
1 5
1 9
40
1 12
0
0
2 25 31
0
2 8 27
0
0
1 33
2 34 18
0
0
0
0
0
2 9 21
0
0
0
0
1 20
1 27
1 10
0
1 1
0
0
1 15
1 38
2 12 15
1 12
1 34
0
0
2 21 11
1 33
0
0
0
3 14 20 9
40
0
0
1 7
0
1 9
2 3 17
0
1 33
0
1 39
3 13 5 7
0
2 30 5
0
1 9
1 37
1 19
0
2 5 25
1 31
0
0
0
0
0
1 15
1 22
1 37
1 9
0
0
1 16
1 12
0
0
2 32 34
1 14
0
0
0
44
0
0
0
0
0
0
1 34
0
0
0
2 30 39
0
0
2 21 10
0
0
0
0
0
0
0
0
3 43 12 21
1 21
0
0
0
0
0
1 1
1 29
0
0
1 21
0
1 29
0
0
0
0
1 35
0
0
0
47
1 16
0
0
0
0
0
0
1 10
0
0
0
1 6
0
1 16
1 33
0
0
0
0
0
0
2 47 19
0
0
1 21
0
0
0
0
1 19
0
1 37
0
1 3
1 16
0
0
0
0
0
0
0
0
0
2 10 17
1 24
0
46
0
0
0
0
2 31 19
0
0
0
0
0
0
0
0
0
0
0
1 13
0
0
1 26
0
0
0
0
0
1 17
0
0
0
1 24
2 41 6
1 37
1 29
0
0
0
1 45
0
0
2 33 11
0
0
1 29
1 24
0
0
47
0
0
0
2 9 34
1 22
0
0
0
0
0
0
0
1 3
0
0
1 41
0
0
1 12
0
1 45
0
1 8
2 1 38
0
1 29
0
1 2
0
0
0
0
0
0
1 20
0
0
1 36
1 28
0
0
0
0
0
0
0
0
41
1 3
0
0
0
0
0
0
0
0
0
1 24
1 39
0
0
0
0
0
1 29
0
0
1 24
1 2
1 14
1 4
1 15
0
1 7
0
0
1 6
0
0
1 39
0
1 8
0
0
0
0
0
0
50
0
0
0
0
0
0
0
3 27 37 19
0
0
1 27
2 18 10
0
0
1 27
0
0
0
0
2 48 9
0
0
0
0
0
0
1 29
0
0
1 14
0
0
1 45
0
0
0
0
1 49
0
0
1 5
0
0
1 10
0
0
1 49
0
0
0
46
1 16
1 5
0
2 28 34
0
0
0
1 23
0
0
0
1 19
0
0
0
0
0
0
0
1 11
1 14
0
0
2 18 17
0
0
1 4
0
0
0
0
2 10 31
0
0
1 18
1 11
0
0
0
0
0
0
0
0
0
0
