20
2 5
0.600000 0.600000
1 20
1.000000
3 4
1.000000 0.900000 0.100000
3 4
0.999999 0.999999 0.414242
2 7
0.031210 0.937294
3 5
0.514057 0.025118 0.117308
3 17
0.057278 0.817788 0.753792
3 100
0.334688 0.689617 0.742863
1 3
0.000002
3 10
0.846902 0.863604 0.152907
3 10
0.074982 0.862805 0.003339
2 60
0.143750 0.073580
1 4
0.999999
2 4
0.000005 0.000006
3 10
0.846945 0.169039 0.821663
2 5
0.318942 0.934790
3 42
0.000006 0.000002 0.000005
2 7
0.910071 0.129599
3 42
1.000000 1.000000 0.999998
2 3
0.999999 0.999998
